reg[0]
000000000000
000000000000
000011110000
001100001100
001100001100
001100001100
001100001100
001100001100
001100001100
000011110000
000000000000
000000000000

bold[0]
000000000000
000000000000
000011110000
001111111100
001110011100
001110011100
001110011100
001110011100
001111111100
000011110000
000000000000
000000000000

ital[0]
000000000000
000000000000
000001111000
000110000110
000110000110
001100001100
001100001100
011000011000
011000011000
000111100000
000000000000
000000000000

reg[1]
            
            
     11     
    111     
   1 11     
     11     
     11     
     11     
     11     
     11     
            
            

reg[1]
000000000000
000000000000
000000000000
000000000000
000000000000
000000000000
000000000000
000000000000
000000000000
000000000000
000000000000
000000000000
